(
    (P6_col
        (
            ((((1 2 3) (4 5 6) (7 8 9)) 0) (1 4 7))            
            ((((4 5 6) (7 8 9) (1 2 3)) 0) (4 7 1))
            ((((7 8 9) (1 2 3) (4 5 6)) 0) (7 1 4))
            ((((1 2 3) (4 5 6) (7 8 9)) 1) (2 5 8))            
            ((((4 5 6) (7 8 9) (1 2 3)) 1) (5 8 2))
            ((((7 8 9) (1 2 3) (4 5 6)) 1) (8 2 5))
            ((((1 2 3) (4 5 6) (7 8 9)) 2) (3 6 9))            
            ((((4 5 6) (7 8 9) (1 2 3)) 2) (6 9 3))
            ((((7 8 9) (1 2 3) (4 5 6)) 2) (9 3 6))
        )
    )
)