(
    # list problems here
    (P1_fac
        (
            ((1) 1)
            ((2) 2)
            ((3) 6)
            ((4) 24)
            ((5) 120)
        )
    )
    (P2_range1
        (
            ((1) (1))
            ((2) (1 2))
            ((3) (1 2 3))
            ((4) (1 2 3 4))
            ((5) (1 2 3 4 5))
        )
    )
    (P3_range0
        (
            ((1) (0))
            ((2) (0 1))
            ((3) (0 1 2))
            ((4) (0 1 2 3))
            ((5) (0 1 2 3 4))
        )
    )
)