(
    (
        (
            (((1 2 3) (4 5 6) (7 8 9)))
            (((2 9 4) (7 5 3) (6 1 8)))
            (((2 9 4) (3 5 7) (6 1 8)))
            (((4 3 8) (9 5 1) (2 7 6)))
            (((4 7 8) (9 5 1) (2 3 6)))
            (((4 3 8) (9 1 6) (2 7 5)))
            (((6 7 2) (8 3 4) (1 5 9)))
            (((6 1 8) (2 4 5) (7 3 9)))
            (((6 7 2) (1 5 9) (8 3 4)))
            (((8 3 4) (2 6 7) (5 9 1)))
        )
        (
            eval_board_diag1
            eval_board_diag2
            eval_get_row_sums
            eval_get_col_sums
            eval_get_diag_sums
            eval_is_magic
        )
    )
    (
        (
            (((1 2 3) (4 5 6) (7 8 9)) 0)
            (((4 5 6) (7 8 9) (1 2 3)) 0)
            (((9 8 7) (1 2 3) (4 5 6)) 0)
            (((1 2 3) (4 5 6) (7 8 9)) 1)
            (((4 5 6) (7 8 9) (1 2 3)) 1)
            (((7 8 9) (3 2 1) (4 5 6)) 1)
            (((1 2 3) (4 5 6) (7 8 9)) 2)
            (((4 5 6) (7 8 9) (1 2 3)) 2)
            (((7 8 9) (1 2 3) (6 5 4)) 2)
        )
        (
            eval_board_col
            eval_get_diag1_cell
            eval_get_diag2_cell
        )
    )
    (
        (
            ((1 2 3 4 15 16 17 18 19))
            ((15 15 15 15))
            ((1 2 3 4 5 6 7 8 9))
            ((2 2 2 2 2 2 2 2 2))
            ((5 5 3 5 5))
            ((5 5 5 5 5))
        )
        (
            eval_are_all_equal
        )
    )
)