(
    (is_sorted (data)
        (                # model 1    0 1 met domein error  0 met domein error
            ((61 70))
            ((70 61))
            ((11 17 33 97))
            ((11 17 97 33))
            ((43 61 66 70 75 84))
            ((43 61 66 70 84 75))
            ((17 21 39 49 52 74 84 99))
            ((17 21 39 49 52 74 99 84))
            ((1 2 17 21 39 49 52 74 84 99))
            ((1 2 17 21 39 49 52 74 99 84))
            ((1 1 1 2 17 21 39 49 52 74 84 99))
            ((1 1 1 2 17 21 39 49 52 74 99 84))
            ((1 1 1 1 1 2 17 21 39 49 52 74 84 99))
            ((1 1 1 1 1 2 17 21 39 49 52 74 99 84))
            ((1 1 1 1 1 1 2 17 21 39 49 52 74 84 99))
            ((1 1 1 1 1 1 2 17 21 39 49 52 74 99 84))
            # actual all sorted error 1/1+1/3+1/5+1/7+1/9+1/11+1/13+1/15=2.22
            # actual all unsorted error 8*0.5 = 4
        )
        (eval_is_sorted ())
        ((0 1 2) () (le at2 sub len)
            (le (at2 data (sub (len data) 2)) (at2 data (sub (len data) 1)))
        )
        1
    )
)
