(
    (is_sorted (data)
        (
            (( 0 0 0 0 0 0  ))
            (( 0 0 0 0 0 1  ))
            (( 0 0 0 0 1 0  ))
            (( 0 0 0 0 1 1  ))
            (( 0 0 0 1 0 0  ))
            (( 0 0 0 1 0 1  ))
            (( 0 0 0 1 1 0  ))
            (( 0 0 0 1 1 1  ))
            (( 0 0 1 0 0 0  ))
            (( 0 0 1 0 0 1  ))
            (( 0 0 1 0 1 0  ))
            (( 0 0 1 0 1 1  ))
            (( 0 0 1 1 0 0  ))
            (( 0 0 1 1 0 1  ))
            (( 0 0 1 1 1 0  ))
            (( 0 0 1 1 1 1  ))
            (( 0 1 0 0 0 0  ))
            (( 0 1 0 0 0 1  ))
            (( 0 1 0 0 1 0  ))
            (( 0 1 0 0 1 1  ))
            (( 0 1 0 1 0 0  ))
            (( 0 1 0 1 0 1  ))
            (( 0 1 0 1 1 0  ))
            (( 0 1 0 1 1 1  ))
            (( 0 1 1 0 0 0  ))
            (( 0 1 1 0 0 1  ))
            (( 0 1 1 0 1 0  ))
            (( 0 1 1 0 1 1  ))
            (( 0 1 1 1 0 0  ))
            (( 0 1 1 1 0 1  ))
            (( 0 1 1 1 1 0  ))
            (( 0 1 1 1 1 1  ))
            (( 1 0 0 0 0 0  ))
            (( 1 0 0 0 0 1  ))
            (( 1 0 0 0 1 0  ))
            (( 1 0 0 0 1 1  ))
            (( 1 0 0 1 0 0  ))
            (( 1 0 0 1 0 1  ))
            (( 1 0 0 1 1 0  ))
            (( 1 0 0 1 1 1  ))
            (( 1 0 1 0 0 0  ))
            (( 1 0 1 0 0 1  ))
            (( 1 0 1 0 1 0  ))
            (( 1 0 1 0 1 1  ))
            (( 1 0 1 1 0 0  ))
            (( 1 0 1 1 0 1  ))
            (( 1 0 1 1 1 0  ))
            (( 1 0 1 1 1 1  ))
            (( 1 1 0 0 0 0  ))
            (( 1 1 0 0 0 1  ))
            (( 1 1 0 0 1 0  ))
            (( 1 1 0 0 1 1  ))
            (( 1 1 0 1 0 0  ))
            (( 1 1 0 1 0 1  ))
            (( 1 1 0 1 1 0  ))
            (( 1 1 0 1 1 1  ))
            (( 1 1 1 0 0 0  ))
            (( 1 1 1 0 0 1  ))
            (( 1 1 1 0 1 0  ))
            (( 1 1 1 0 1 1  ))
            (( 1 1 1 1 0 0  ))
            (( 1 1 1 1 0 1  ))
            (( 1 1 1 1 1 0  ))
            (( 1 1 1 1 1 1  ))
        )
        (eval_is_sorted ())
        ((0 1) (i) (not sum for sub add len at2 eq le gt)
            (not (sum (for i (sub (len data) 1) (gt (at2 data i) (at2 data (add i 1))))))
        )
        1
    )
)
