(
    (is_sorted (data)
        (
            ((11 11 12 13 14))
            ((11 12 12 13 14))
            ((11 13 12 13 14))
            ((11 14 12 13 14))

            ((11 12 11 13 14))
            ((11 12 12 13 14))
            ((11 12 13 13 14))
            ((11 12 14 13 14))

            ((11 12 13 11 14))
            ((11 12 13 12 14))
            ((11 12 13 13 14))
            ((11 12 13 14 14))

            ((11 12 13 14 13 12 11))
            ((11 11 12 12 13 13 14))
            ((11 10 13 12 14))
            ((11 13 12 11 14))
            
        )
        (eval_is_sorted ())
        ((1) (i) (not sum for sub len gt at2 add eq le)
            (not (sum (for i (sub (len data) 1) (gt (at2 data i) (at2 data (add i 1))))))
        )
        1
    )
)
