(
(
    (is_sorted (data)
        (
            ((61 70 66 75 84))       # 0.25 0
            ((61 66 75 70 84))       # 0.25 0
            ((11 17 33 97 99))       # 0    0.5
            ((61 66 70 75 84))       # 0    0.5
            ((39 43 39 65 90))       # 0.25 0
            ((39 39 90 65 90))       # 0.25 0
            ((39 39 43 65 90))       # 0    0.5
            ((39 39 43 43 90))       # 0    0.5
            ((17 49 21 52 74))       # 0.25 0
            ((17 21 52 49 74)) # 0.25 0
            ((17 21 52 49 74 84 99)) # 0.17 0
            ((17 21 49 52 74)) # 0    0.5
            ((17 21 49 52 74 84 99)) # 0    0.5
            ((17 21 21 52 74))       # 0    0.5
            ((14 13 12 11 10))       # 1.0  0
            ((14 13 12))             # 1.0  0
            ((10 11))                # 0    0.5
            ((61 70))
            ((70 61))
            ((11 17 33 97))
            ((11 17 97 33))
            ((43 61 66 70 75 84))
            ((43 61 66 70 84 75))
            ((17 21 39 49 52 74 84 99))
            ((17 21 39 49 52 74 99 84))
            ((1 2 17 21 39 49 52 74 84 99))
            ((1 2 17 21 39 49 52 74 99 84))
            ((1 1 1 2 17 21 39 49 52 74 84 99))
            ((1 1 1 2 17 21 39 49 52 74 99 84))
            ((1 1 1 1 1 2 17 21 39 49 52 74 84 99))
            ((1 1 1 1 1 2 17 21 39 49 52 74 99 84))
            ((1 1 1 1 1 1 2 17 21 39 49 52 74 84 99))
            ((1 1 1 1 1 1 2 17 21 39 49 52 74 99 84))
            (( 0 0 0 0 0 0  ))
            (( 0 0 0 0 0 1  ))
            (( 0 0 0 0 1 0  ))
            (( 0 0 0 0 1 1  ))
            (( 0 0 0 1 0 0  ))
            (( 0 0 0 1 0 1  ))
            (( 0 0 0 1 1 0  ))
            (( 0 0 0 1 1 1  ))
            (( 0 0 1 0 0 0  ))
            (( 0 0 1 0 0 1  ))
            (( 0 0 1 0 1 0  ))
            (( 0 0 1 0 1 1  ))
            (( 0 0 1 1 0 0  ))
            (( 0 0 1 1 0 1  ))
            (( 0 0 1 1 1 0  ))
            (( 0 0 1 1 1 1  ))
            (( 0 1 0 0 0 0  ))
            (( 0 1 0 0 0 1  ))
            (( 0 1 0 0 1 0  ))
            (( 0 1 0 0 1 1  ))
            (( 0 1 0 1 0 0  ))
            (( 0 1 0 1 0 1  ))
            (( 0 1 0 1 1 0  ))
            (( 0 1 0 1 1 1  ))
            (( 0 1 1 0 0 0  ))
            (( 0 1 1 0 0 1  ))
            (( 0 1 1 0 1 0  ))
            (( 0 1 1 0 1 1  ))
            (( 0 1 1 1 0 0  ))
            (( 0 1 1 1 0 1  ))
            (( 0 1 1 1 1 0  ))
            (( 0 1 1 1 1 1  ))
            (( 1 0 0 0 0 0  ))
            (( 1 0 0 0 0 1  ))
            (( 1 0 0 0 1 0  ))
            (( 1 0 0 0 1 1  ))
            (( 1 0 0 1 0 0  ))
            (( 1 0 0 1 0 1  ))
            (( 1 0 0 1 1 0  ))
            (( 1 0 0 1 1 1  ))
            (( 1 0 1 0 0 0  ))
            (( 1 0 1 0 0 1  ))
            (( 1 0 1 0 1 0  ))
            (( 1 0 1 0 1 1  ))
            (( 1 0 1 1 0 0  ))
            (( 1 0 1 1 0 1  ))
            (( 1 0 1 1 1 0  ))
            (( 1 0 1 1 1 1  ))
            (( 1 1 0 0 0 0  ))
            (( 1 1 0 0 0 1  ))
            (( 1 1 0 0 1 0  ))
            (( 1 1 0 0 1 1  ))
            (( 1 1 0 1 0 0  ))
            (( 1 1 0 1 0 1  ))
            (( 1 1 0 1 1 0  ))
            (( 1 1 0 1 1 1  ))
            (( 1 1 1 0 0 0  ))
            (( 1 1 1 0 0 1  ))
            (( 1 1 1 0 1 0  ))
            (( 1 1 1 0 1 1  ))
            (( 1 1 1 1 0 0  ))
            (( 1 1 1 1 0 1  ))
            (( 1 1 1 1 1 0  ))
            (( 1 1 1 1 1 1  ))
        )
        (eval_is_sorted ())
        ((1) () (or le len and first rest is_sorted)
            (or 
                (le (len data) 1) 
                (and (le (first data) (first (rest data))) (is_sorted (rest data)))
            )
        )
        1
    )
)
